18720 2488.254021852859
21135 2151.018830912708
16988 2279.746843513312
14055 2408.6890173332326
17388 2128.703813150462
16390 2246.625861305861
15586 2269.0381736613103
16133 2132.7102161722983
16654 2233.1291966074373
13976 2386.0867946052663
20701 2090.3082363263006
18780 2142.8734683599864
15474 2349.9483254589686
17714 2107.8575028203936
18249 2147.3856342437366
21849 2024.8660455455963
21818 2095.6698179086397
17893 2217.694915559497
15778 2238.1643128163423
18717 2161.224626701621
17162 2032.9385489029096
14665 2435.407421757879
20749 2252.696677065613
18538 2292.8942592551048
18429 2328.0481007376893
19024 2317.291415299769
23325 1933.0338237128115
17530 2176.0369762316354
24150 2044.3664382193244
19379 2249.787274524151
21165 2051.6566045417794
23463 2171.758058437708
21257 2157.9308999368614
20894 2079.838541076584
20141 2333.1559107504695
18512 2295.646796214373
21404 2135.7466219705907
21115 2251.7512422537166
19521 2128.579440397762
16435 2371.565811119329
20252 2014.5899813959709
19799 2118.138057518863
16950 2252.448616596459
17229 2243.319207112464
18994 2037.773145233069
17566 2294.516898101126
20517 2037.7460966786493
16858 2100.8719164449512
21264 2064.3861176057253
18790 2089.2130141486446
21831 2141.428305800808
18238 2292.3985875500425
20832 2127.7863828505883
20209 2104.175321288456
18718 2304.4363308279635
21317 2274.919753399489
23546 1995.3312637589522
25602 2018.0763605546695
27582 2185.545438217014
26250 2014.2332723953004
19317 2231.269680256885
22000 2000.3971018903235
18495 2156.877979979336
14891 2387.344974455013
674936 2142.966871409469
27411 2227.431341842706
23853 2503.4800085824654
18744 2362.687820458408
22643 2120.8982824131213
24463 2099.1360624203407
23180 2100.4483157357977
24771 1963.0770145704048
20387 2358.004082472592
22353 2228.7974361330853
19596 2373.0350060431747
22826 2105.67778813425
25534 2059.5448139146824
30337 2131.5788655770316
26398 2097.352722423682
18462 2266.1124718089745
17092 2441.27391352958
25974 2008.2710953530436
21030 2180.6703910354595
24185 2259.268732023481
22490 2167.210194197121
29074 2089.771178001175
25082 2223.711763539571
26236 2180.3163033728306
25135 2262.103287269042
18453 2389.886200729765
19283 2210.9876653713145
24079 2070.3563450397346
23768 2137.4844158720007
23035 2150.405139809167
20294 2333.829058345869
24601 2061.608366858715
24890 2184.1993220128347
29115 2071.816801754828
20909 2412.0636894640484
29120 2095.06049511506
