16818 2200.845307701641
14574 2183.179287493264
12248 2313.767098592866
11680 2225.4852939371135
11238 2137.8539673368523
12331 2247.369320899249
15207 2082.9866888809743
14148 2244.856174269592
9403 2540.2600101158864
10712 2234.7682007915823
12166 2218.127555528927
12464 2184.109581946101
12363 2067.403705390285
11338 2308.1666092335176
13415 2167.843877639572
11091 2190.48237959221
13167 2117.453984956046
12844 2254.2508028149273
11955 2313.029784952126
12468 2058.659134056776
10537 2101.0259418846076
12544 2161.080485749914
13208 2200.5310641938304
11032 2418.9038557753715
11308 2142.022474641165
12854 2226.2948018953143
12303 1926.351033549391
12559 2097.387896765342
13432 2050.021384722252
11178 2489.9593464731092
10688 2260.1415119460544
10052 2200.826465922755
11251 2037.712235338043
10779 2010.7585128860478
8912 2374.8387598959694
8940 2392.596539286312
10595 2039.1094329375424
11014 2129.9647495793956
10756 2130.265024485873
10411 2140.3795224207865
10582 2094.0357287846255
9199 2318.336509777141
11850 2033.3376723584731
11424 2024.7692433661384
8005 2273.7825743559342
10707 2304.6694422844203
10460 2096.9630402587018
9577 2207.3814141949338
10197 2178.9322761315657
10326 2049.586296519167
10080 2264.074434789654
9763 2232.497890536157
8091 2417.884062833624
11024 2182.4542189436993
10912 2175.2776134649134
8730 2405.1295387170785
9265 2209.390742404509
10217 2117.24186138918
10062 2144.0322303625267
8022 2352.9614959784835
9907 2185.95212615082
10451 2070.729459507116
14152 2009.8941867835322
14593 2080.2718887923716
13331 2157.29191298871
12369 2181.481145214374
13565 2223.3761571024143
13230 2000.1289062706342
13260 2135.542202871509
12161 2228.075786844688
12706 2124.736492994598
14693 2174.105003451229
9399 2328.304252953014
9541 2522.15654955622
13512 2135.295873403798
12666 2313.2821962814014
10619 2352.6806996389587
12247 2297.5869717546225
12569 2107.880268429822
12315 2349.106158363984
10880 2318.514740802983
10991 2307.607305628303
12553 2222.4313357823103
12963 2187.5841499367175
13375 2156.8932093018193
13718 2184.276138380807
11435 2376.7969119048716
11505 2244.669038963212
15121 2231.635420908727
11283 2354.9378292404936
12315 2135.423825468962
12941 2195.3730817128053
13631 2196.080026558982
11926 2339.574953707972
14441 2115.8444022260874
11627 2208.3047748029057
11864 2336.8663939907774
13703 2213.50287179426
11022 2191.0635271615683
10965 2405.3804668942803
