45254 2006.2166459484156
39282 2155.23097897133
41283 2249.097590288404
41044 2013.9637939262022
45167 1903.9100957541248
37710 2146.413952440051
48957 2100.9877300928165
51669 2144.181931398285
51168 1996.4478795019268
49171 1984.4999438045427
51206 2071.9986426417545
55484 1898.7658191444139
49982 2131.2282778955
51158 2070.034174317745
48168 2038.1739558159393
46173 2173.267769715231
45874 2169.767454719949
51426 2094.4017051109677
51570 2034.1441688150385
42103 2048.458767185244
47293 1940.224412438872
41454 2316.777854321692
50555 2139.6927663888614
53212 2016.1314310138916
47589 2083.149806035979
52111 2223.0432419318677
48410 1890.465811357229
50916 2014.4881669342496
51690 2040.130857348361
48988 2289.0267263998726
53728 1991.9886226581393
50271 1990.162229705046
48756 2035.536731981449
43560 2162.51194287083
43169 2219.1841028240283
38167 2401.282474833914
54490 1932.9872358994849
47025 2179.96863476663
49566 2042.6678361741506
49930 2120.5905182115316
50958 2025.5482146863626
55475 1972.3344952526145
47624 1991.1020423523782
48204 2053.0442665102833
45429 1966.9978621266443
48833 2074.2189121747324
51718 2006.9973398942002
57360 1869.8289352892973
50506 2065.7747801000346
48040 1880.1744785187639
50563 2037.0531182254526
55684 1891.1954480476004
51288 2012.335340126491
44021 2175.6960337983874
41083 2318.629712804452
48364 2103.0592129594315
51242 1944.8048208615407
49019 2028.760293344476
54431 2281.010293399502
39726 2347.6783457449046
41133 2075.896943173265
35035 2415.2515092216086
48439 2016.6718943553562
47899 1987.7398668190208
43213 2114.70907946095
51863 2074.8856022577565
50477 2043.440338036378
46394 2032.7611782064853
48981 2058.4975490304646
43196 2183.58990406325
39621 2180.5580385463177
44178 2187.1724692120915
44463 2130.4638641918787
50012 2124.0418176432604
42433 2311.8331367047026
43929 2229.1995017165887
44777 2130.094931112907
42476 2381.173806337206
44965 2080.793019045924
47667 2036.0300318374793
47928 1955.5996812644473
50860 1985.3954153534107
54155 2102.393574723993
50627 1971.4688164202007
46813 2055.1725569942346
47049 2289.9617385179113
42687 2219.948484616632
49006 2014.2616384124756
53117 2107.1718966953686
46162 2082.6472474754423
45072 2064.4804615192347
39190 2404.849479703979
46359 2084.40559260548
48090 2132.236183449756
46005 2202.2816521846303
47722 2139.799439760064
45163 2085.3897865965246
45797 2030.8966521501757
50619 1935.8706254141607
42527 2102.106612567173
