15364 2412.298156254252
13172 2388.7833152967323
13609 2208.0997106708933
13389 2236.392324544189
15230 2173.101288791555
18232 2435.1471009005386
15677 2236.2019740768756
12627 2374.0296620079343
12189 2181.3454391892783
12209 2083.554485020043
11941 2225.282069788997
17861 2111.5871797300256
12694 2266.4821016074857
15916 2382.252682299252
15017 2242.911558301238
13825 2169.491425445501
13251 2207.7375976345393
13117 2380.679168505347
13708 2154.2361344033698
15239 2098.39738142453
14216 2062.105964178953
13956 2193.7547741016224
15761 2276.153853975163
15992 2369.8226647690076
15322 2242.5927806212244
15655 2395.3720891743037
15474 1989.2054328725087
17139 2171.4581948830173
20168 2080.686609683612
14738 2309.83145180279
15894 2187.6319776632295
14219 2223.1718776075004
16499 2058.091565872108
12805 2299.3297293791047
14150 2305.9490918149054
16256 2272.644125550269
14879 2155.6017039094836
14425 2306.823091202436
14837 2292.9237367998144
16840 2358.5508778117573
14791 2258.0498475978625
11664 2419.6997248944454
14769 2161.6549633116015
15074 2032.984215450435
15833 2015.0417957038505
14265 2180.9919486523936
13620 2348.399725295964
12838 2031.899629562166
12352 2315.9355878559672
14787 2027.2904606294564
12683 2299.7482854454893
13402 2109.568299138275
12049 2481.2795672192474
12186 2246.87410022039
12333 2193.223752357362
12620 2307.8831682374425
12982 2126.9193435445204
13307 2177.8842513860245
13143 2123.7595364063245
12760 2079.2019739666716
12377 2212.728413505924
14163 2152.1989110221302
11925 2062.4824060242368
13570 2085.52884543603
12561 2148.6706532892376
12588 2274.9026785382434
13299 2146.8851471988437
12688 2106.3567029323444
11743 2189.791878282226
11450 2240.1754069728822
11863 2095.1092606217157
13229 2150.158533990014
12067 2089.6770960005806
12273 2237.067655530606
11304 2632.441334175155
11833 2125.8270983667026
14759 2115.1323375889433
12979 2279.4444452470148
12169 2386.6122801864253
11930 2146.543214872478
11827 2259.5028839201004
11910 2092.93991072357
12095 2298.212522158321
12221 2484.8309021743066
13272 2048.700034813656
12899 2323.8561433667983
11225 2395.361973998495
11692 2302.0423604083917
11713 2293.6194188513496
12182 2220.9846056218917
10895 2501.820440375755
13066 2242.349061362272
12581 2389.925546832722
13225 2524.0827539987345
13541 2360.5652246110412
13813 2241.5225073192187
14116 2257.9518520344513
12513 2315.5367122810644
12709 2156.3919596887063
13712 2360.7914465037616
